===== SOAK: baseline (current implementation) =====
window   handled     p50 us     p99 us     table KB     index KB   deadTuples  autovacuum
     0     17999      14407      31151        15272         2752        35399           0
     1     18002      12831      29119        30416         5024          276           1
     2     17997      12919      28031        15160         6496        11680           2
     3     18000      12687      27935        23856         6496        47925           2
     4     18003      12711      27743        33016         6784        12305           3
     5     17998      12671      27871        34048         7816        47907           3
     6     18002      12783      28159        36072         9416        12203           4
     7     17996      13335      29183        37056        10400        48521           4
     8     17991      13711      28639        38768        12112        12015           5
     9     18010      12535      28015        38768        12112        47608           5
    10     17999      12487      27919        35896        12352        12228           6
    11     18001      12583      28495        35896        12352        48431           6
    12     18003      12471      28207        36208        12352        12277           7
    13     17999      12543      28223        36208        12352        47815           7
    14     18000      12503      28143        36832        12352        12243           8
    15     17986      13351      28319        36832        12352        48476           8
    16     18014      13999      28511        36952        12472        11511           9
    17     18000      14271      29903        36952        12472        47779           9
    18     17999      14863      29135        38216        12512        12370          10
    19     18000      13375      27935        38216        12512        48030          10
drift: p50 14407 -> 13375 us (-7%), p99 31151 -> 27935 us (-10%), table 15272 -> 38216 KB, index 2752 -> 12512 KB
=========================================
===== SOAK: shard-owned =====
window   handled     p50 us     p99 us     table KB     index KB   deadTuples  autovacuum
     0     18001        995       1278         4912          464         5718           1
     1     18000       1006       1272         9712          984        23728           1
     2     18000       1006       1252        14432         1352         6051           2
     3     18000       1001       1297        14432         1352        24062           2
     4     18000       1002       1248        14496         1352         6051           3
     5     18000       1005       1293        14496         1352        24062           3
     6     18000       1004       1242        14496         1352         6054           4
     7     18000       1004       1260        14496         1352        24063           4
     8     18000        999       1236        14496         1352         6054           5
     9     18000        999       1271        14496         1352        24065           5
    10     18000        999       1235        14496         1352         6047           6
    11     18000       1000       1245        14496         1352        24059           6
    12     18000        997       1307        14512         1352         6104           7
    13     18000        872      11815        14512         1352        24117           7
    14     18000        869       1478        14512         1352         6105           8
    15     18000        869       1415        14512         1352        24114           8
    16     18000        867       1353        14512         1352         6054           9
    17     18000        865       1509        14512         1352        24064           9
    18     18000        866       1510        14512         1352         6049          10
    19     18000        860       1355        14512         1352        24059          10
drift: p50 995 -> 860 us (-14%), p99 1278 -> 1355 us (+6%), table 4912 -> 14512 KB, index 464 -> 1352 KB
=========================================
