===== SOAK: baseline (current implementation) =====
window   handled     p50 us     p99 us     table KB     index KB   deadTuples  autovacuum
     0     18001      12551      64991        15784         2384        35299           0
     1     17999      12591      27759        30264         4672            6           1
     2     18000      12703      27951        15000         6280        12241           2
     3     17997      12535      27519        23832         7624        47711           2
     4     18001      12655      27503        33680         9040        12251           3
     5     18003      13311      28319        34800        10160        47761           3
     6     17996      13583      28463        36624        11648        12645           4
     7     18003      12575      27343        36624        11648        48123           4
     8     17999      12559      27343        36728        11752        12245           5
     9     17999      13967      28111        36728        11752        48427           5
    10     18003      14943      29263        37192        11792        12315           6
    11     18000      12895      27567        37192        11792        47829           6
    12     17997      13119      28111        37224        11824        12205           7
    13     18000      13351      28031        37224        11824        48373           7
    14     18003      14047      28687        37384        11824        12250           8
    15     17996      12935      27631        37384        11824        47968           8
    16     18002      13231      27631        37384        11824        12203           9
    17     17987      14303      28719        37384        11824        48394           9
    18     18011      14927      29359        37384        11824        11630          10
    19     18001      14191      28591        37384        11824        47758          10
drift: p50 12551 -> 14191 us (+13%), p99 64991 -> 28591 us (-56%), table 15784 -> 37384 KB, index 2384 -> 11824 KB
=========================================
===== SOAK: shard-owned =====
window   handled     p50 us     p99 us     table KB     index KB   deadTuples  autovacuum
     0     18001        986       1250         4920          464         5718           1
     1     18000        997       1247         9592          864        23729           1
     2     18000        998       1335        14336         1248         6049           2
     3     18000        999       1282        14336         1248        24061           2
     4     18000       1007       1282        14544         1400         6051           3
     5     18000       1004       1259        14544         1400        24063           3
     6     18000       1007       1251        14544         1400         6052           4
     7     18000       1007       1264        14544         1400        24062           4
     8     18000       1008       1251        14544         1400         6049           5
     9     18000       1003       1240        14544         1400        24063           5
    10     18000       1007       1256        14544         1400         6054           6
    11     18000       1004       1254        14544         1400        24067           6
    12     18000        971       1998        14560         1400         6107           7
    13     18000        868       1859        14560         1400        24118           7
    14     18000        866       1876        14560         1400         6101           8
    15     18000        864       1872        14560         1400        24117           8
    16     18000        864       1567        14560         1400         6051           9
    17     18000        867       1650        14560         1400        24061           9
    18     18000        867       1564        14560         1400         6050          10
    19     18000        866       1493        14560         1400        24063          10
drift: p50 986 -> 866 us (-12%), p99 1250 -> 1493 us (+19%), table 4920 -> 14560 KB, index 464 -> 1400 KB
=========================================
